[INFO]: AT32F421 WK Demo Start
[INFO]: ADC_IIN_RANK_IDX 3089
[
[       0,    3080,    3089,       0]
[       1,    3088,    3089,       1]
[       2,    3085,    3089,       2]
[       3,    3083,    3089,       3]
[       4,    3085,    3089,       4]
[       5,    3086,    3089,       5]
[       6,    3082,    3089,       6]
[       7,    3081,    3089,       7]
[       8,    3093,    3089,       8]
[       9,    3085,    3089,       9]
[      10,    3089,    3089,      10]
[      11,    3087,    3089,      11]
[      12,    3084,    3089,      12]
[      13,    3088,    3089,      13]
[      14,    3081,    3089,      14]
[      15,    3079,    3089,      15]
[      16,    3085,    3089,      16]
[      17,    3083,    3089,      17]
[      18,    3085,    3089,      18]
[      19,    3087,    3089,      19]
[      20,    3084,    3089,      20]
[      21,    3082,    3089,      21]
[      22,    3091,    3089,      22]
[      23,    3085,    3089,      23]
[      24,    3082,    3089,      24]
[      25,    3082,    3089,      25]
[      26,    3088,    3089,      26]
[      27,    3093,    3089,      27]
[      28,    3086,    3089,      28]
[      29,    3087,    3089,      29]
[      30,    3085,    3089,      30]
[      31,    3089,    3089,      31]
[      32,    3090,    3089,      32]
[      33,    3100,    3089,      33]
[      34,    3103,    3089,      34]
[      35,    3101,    3089,      35]
[      36,    3100,    3089,      36]
[      37,    3107,    3089,      37]
[      38,    3110,    3089,      38]
[      39,    3109,    3089,      39]
[      40,    3109,    3089,      40]
[      41,    3114,    3089,      41]
[      42,    3112,    3089,      42]
[      43,    3113,    3089,      43]
[      44,    3114,    3089,      44]
[      45,    3117,    3089,      45]
[      46,    3116,    3089,      46]
[      47,    3126,    3089,      47]
[      48,    3115,    3089,      48]
[      49,    3123,    3089,      49]
[      50,    3128,    3089,      50]
[      51,    3125,    3089,      51]
[      52,    3133,    3089,      52]
[      53,    3126,    3089,      53]
[      54,    3133,    3089,      54]
[      55,    3128,    3089,      55]
[      56,    3134,    3089,      56]
[      57,    3133,    3089,      57]
[      58,    3132,    3089,      58]
[      59,    3135,    3089,      59]
[      60,    3137,    3089,      60]
[      61,    3146,    3089,      61]
[      62,    3141,    3089,      62]
[      63,    3138,    3089,      63]
[      64,    3143,    3089,      64]
[      65,    3146,    3089,      65]
[      66,    3148,    3089,      66]
[      67,    3146,    3089,      67]
[      68,    3142,    3089,      68]
[      69,    3155,    3089,      69]
[      70,    3157,    3089,      70]
[      71,    3161,    3089,      71]
[      72,    3156,    3089,      72]
[      73,    3146,    3089,      73]
[      74,    3150,    3089,      74]
[      75,    3175,    3089,      75]
[      76,    3164,    3089,      76]
[      77,    3164,    3089,      77]
[      78,    3161,    3089,      78]
[      79,    3162,    3089,      79]
[      80,    3166,    3089,      80]
[      81,    3173,    3089,      81]
[      82,    3173,    3089,      82]
[      83,    3172,    3089,      83]
[      84,    3183,    3089,      84]
[      85,    3183,    3089,      85]
[      86,    3175,    3089,      86]
[      87,    3188,    3089,      87]
[      88,    3177,    3089,      88]
[      89,    3187,    3089,      89]
[      90,    3182,    3089,      90]
[      91,    3179,    3089,      91]
[      92,    3179,    3089,      92]
[      93,    3188,    3089,      93]
[      94,    3195,    3089,      94]
[      95,    3196,    3089,      95]
[      96,    3199,    3089,      96]
[      97,    3197,    3089,      97]
[      98,    3202,    3089,      98]
[      99,    3202,    3089,      99]
[     100,    3211,    3089,     100]
[     101,    3222,    3089,     101]
[     102,    3204,    3089,     102]
[     103,    3212,    3089,     103]
[     104,    3211,    3089,     104]
[     105,    3218,    3089,     105]
[     106,    3225,    3089,     106]
[     107,    3218,    3089,     107]
[     108,    3225,    3089,     108]
[     109,    3213,    3089,     109]
[     110,    3223,    3089,     110]
[     111,    3217,    3089,     111]
[     112,    3225,    3089,     112]
[     113,    3227,    3089,     113]
[     114,    3234,    3089,     114]
[     115,    3226,    3089,     115]
[     116,    3226,    3089,     116]
[     117,    3222,    3089,     117]
[     118,    3227,    3089,     118]
[     119,    3230,    3089,     119]
[     120,    3238,    3089,     120]
[     121,    3245,    3089,     121]
[     122,    3235,    3089,     122]
[     123,    3247,    3089,     123]
[     124,    3256,    3089,     124]
[     125,    3252,    3089,     125]
[     126,    3249,    3089,     126]
[     127,    3247,    3089,     127]
[     128,    3249,    3089,     128]
[     129,    3242,    3089,     129]
[     130,    3255,    3089,     130]
[     131,    3249,    3089,     131]
[     132,    3257,    3089,     132]
[     133,    3251,    3089,     133]
[     134,    3251,    3089,     134]
[     135,    3254,    3089,     135]
[     136,    3248,    3089,     136]
[     137,    3258,    3089,     137]
[     138,    3270,    3089,     138]
[     139,    3257,    3089,     139]
[     140,    3255,    3089,     140]
[     141,    3247,    3089,     141]
[     142,    3271,    3089,     142]
[     143,    3259,    3089,     143]
[     144,    3264,    3089,     144]
[     145,    3252,    3089,     145]
[     146,    3275,    3089,     146]
[     147,    3262,    3089,     147]
[     148,    3272,    3089,     148]
[     149,    3273,    3089,     149]
[     150,    3265,    3089,     150]
[     151,    3263,    3089,     151]
[     152,    3271,    3089,     152]
[     153,    3269,    3089,     153]
[     154,    3274,    3089,     154]
[     155,    3273,    3089,     155]
[     156,    3282,    3089,     156]
[     157,    3280,    3089,     157]
[     158,    3286,    3089,     158]
[     159,    3283,    3089,     159]
[     160,    3285,    3089,     160]
[     161,    3286,    3089,     161]
[     162,    3289,    3089,     162]
[     163,    3293,    3089,     163]
[     164,    3285,    3089,     164]
[     165,    3284,    3089,     165]
[     166,    3278,    3089,     166]
[     167,    3290,    3089,     167]
[     168,    3286,    3089,     168]
[     169,    3281,    3089,     169]
[     170,    3290,    3089,     170]
[     171,    3290,    3089,     171]
[     172,    3295,    3089,     172]
[     173,    3290,    3089,     173]
[     174,    3304,    3089,     174]
[     175,    3304,    3089,     175]
[     176,    3305,    3089,     176]
[     177,    3300,    3089,     177]
[     178,    3314,    3089,     178]
[     179,    3301,    3089,     179]
[     180,    3303,    3089,     180]
[     181,    3297,    3089,     181]
[     182,    3314,    3089,     182]
[     183,    3303,    3089,     183]
[     184,    3314,    3089,     184]
[     185,    3311,    3089,     185]
[     186,    3302,    3089,     186]
[     187,    3309,    3089,     187]
[     188,    3315,    3089,     188]
[     189,    3314,    3089,     189]
[     190,    3317,    3089,     190]
[     191,    3319,    3089,     191]
[     192,    3321,    3089,     192]
[     193,    3315,    3089,     193]
[     194,    3318,    3089,     194]
[     195,    3316,    3089,     195]
[     196,    3309,    3089,     196]
[     197,    3325,    3089,     197]
[     198,    3323,    3089,     198]
[     199,    3328,    3089,     199]
[     200,    3316,    3089,     200]
[     201,    3317,    3089,     201]
[     202,    3310,    3089,     202]
[     203,    3336,    3089,     203]
[     204,    3322,    3089,     204]
[     205,    3326,    3089,     205]
[     206,    3321,    3089,     206]
[     207,    3333,    3089,     207]
[     208,    3327,    3089,     208]
[     209,    3322,    3089,     209]
[     210,    3326,    3089,     210]
[     211,    3328,    3089,     211]
[     212,    3325,    3089,     212]
[     213,    3336,    3089,     213]
[     214,    3329,    3089,     214]
[     215,    3330,    3089,     215]
[     216,    3335,    3089,     216]
[     217,    3337,    3089,     217]
[     218,    3328,    3089,     218]
[     219,    3340,    3089,     219]
[     220,    3337,    3089,     220]
[     221,    3329,    3089,     221]
[     222,    3328,    3089,     222]
[     223,    3336,    3089,     223]
[     224,    3329,    3089,     224]
[     225,    3327,    3089,     225]
[     226,    3337,    3089,     226]
[     227,    3335,    3089,     227]
[     228,    3338,    3089,     228]
[     229,    3331,    3089,     229]
[     230,    3350,    3089,     230]
[     231,    3333,    3089,     231]
[     232,    3345,    3089,     232]
[     233,    3343,    3089,     233]
[     234,    3331,    3089,     234]
[     235,    3340,    3089,     235]
[     236,    3349,    3089,     236]
[     237,    3339,    3089,     237]
[     238,    3334,    3089,     238]
[     239,    3342,    3089,     239]
[     240,    3346,    3089,     240]
[     241,    3352,    3089,     241]
[     242,    3346,    3089,     242]
[     243,    3346,    3089,     243]
[     244,    3349,    3089,     244]
[     245,    3343,    3089,     245]
[     246,    3345,    3089,     246]
[     247,    3348,    3089,     247]
[     248,    3348,    3089,     248]
[     249,    3355,    3089,     249]
[     250,    3346,    3089,     250]
[     251,    3342,    3089,     251]
[     252,    3338,    3089,     252]
[     253,    3350,    3089,     253]
[     254,    3348,    3089,     254]
[     255,    3353,    3089,     255]
[     256,    3357,    3089,     256]
[     257,    3363,    3089,     257]
[     258,    3363,    3089,     258]
[     259,    3354,    3089,     259]
[     260,    3351,    3089,     260]
[     261,    3344,    3089,     261]
[     262,    3362,    3089,     262]
[     263,    3344,    3089,     263]
[     264,    3341,    3089,     264]
[     265,    3344,    3089,     265]
[     266,    3361,    3089,     266]
[     267,    3358,    3089,     267]
[     268,    3367,    3089,     268]
[     269,    3351,    3089,     269]
[     270,    3356,    3089,     270]
[     271,    3370,    3089,     271]
[     272,    3350,    3089,     272]
[     273,    3350,    3089,     273]
[     274,    3353,    3089,     274]
[     275,    3359,    3089,     275]
[     276,    3357,    3089,     276]
[     277,    3357,    3089,     277]
[     278,    3355,    3089,     278]
[     279,    3362,    3089,     279]
[     280,    3364,    3089,     280]
[     281,    3368,    3089,     281]
[     282,    3361,    3089,     282]
[     283,    3361,    3089,     283]
[     284,    3347,    3089,     284]
[     285,    3358,    3089,     285]
[     286,    3361,    3089,     286]
[     287,    3350,    3089,     287]
[     288,    3348,    3089,     288]
[     289,    3354,    3089,     289]
[     290,    3352,    3089,     290]
[     291,    3350,    3089,     291]
[     292,    3356,    3089,     292]
[     293,    3368,    3089,     293]
[     294,    3356,    3089,     294]
[     295,    3349,    3089,     295]
[     296,    3367,    3089,     296]
[     297,    3359,    3089,     297]
[     298,    3348,    3089,     298]
[     299,    3339,    3089,     299]
[     300,    3352,    3089,     300]
[     301,    3364,    3089,     301]
[     302,    3359,    3089,     302]
[     303,    3361,    3089,     303]
[     304,    3356,    3089,     304]
[     305,    3367,    3089,     305]
[     306,    3364,    3089,     306]
[     307,    3360,    3089,     307]
[     308,    3378,    3089,     308]
[     309,    3372,    3089,     309]
[     310,    3355,    3089,     310]
[     311,    3370,    3089,     311]
[     312,    3372,    3089,     312]
[     313,    3359,    3089,     313]
[     314,    3383,    3089,     314]
[     315,    3376,    3089,     315]
[     316,    3368,    3089,     316]
[     317,    3391,    3089,     317]
[     318,    3376,    3089,     318]
[     319,    3380,    3089,     319]
[     320,    3363,    3089,     320]
[     321,    3378,    3089,     321]
[     322,    3403,    3089,     322]
[     323,    3413,    3089,     323]
[     324,    3361,    3089,     324]
[     325,    3448,    3089,     325]
[     326,    3418,    3089,     326]
[     327,    3300,    3089,     327]
[     328,    3355,    3089,     328]
[     329,    3362,    3089,     329]
[     330,    3409,    3089,     330]
[     331,    3401,    3089,     331]
[     332,    3395,    3089,     332]
[     333,    3408,    3089,     333]
[     334,    3392,    3089,     334]
[     335,    3405,    3089,     335]
[     336,    3397,    3089,     336]
[     337,    3404,    3089,     337]
[     338,    3383,    3089,     338]
[     339,    3394,    3089,     339]
[     340,    3414,    3089,     340]
[     341,    3399,    3089,     341]
[     342,    3408,    3089,     342]
[     343,    3401,    3089,     343]
[     344,    3406,    3089,     344]
[     345,    3408,    3089,     345]
[     346,    3417,    3089,     346]
[     347,    3415,    3089,     347]
[     348,    3420,    3089,     348]
[     349,    3412,    3089,     349]
[     350,    3404,    3089,     350]
[     351,    3414,    3089,     351]
[     352,    3414,    3089,     352]
[     353,    3415,    3089,     353]
[     354,    3417,    3089,     354]
[     355,    3420,    3089,     355]
[     356,    3423,    3089,     356]
[     357,    3421,    3089,     357]
[     358,    3434,    3089,     358]
[     359,    3422,    3089,     359]
[     360,    3424,    3089,     360]
[     361,    3436,    3089,     361]
[     362,    3447,    3089,     362]
[     363,    3430,    3089,     363]
[     364,    3434,    3089,     364]
[     365,    3427,    3089,     365]
[     366,    3439,    3089,     366]
[     367,    3422,    3089,     367]
[     368,    3428,    3089,     368]
[     369,    3433,    3089,     369]
[     370,    3433,    3089,     370]
[     371,    3445,    3089,     371]
[     372,    3449,    3089,     372]
[     373,    3442,    3089,     373]
[     374,    3448,    3089,     374]
[     375,    3441,    3089,     375]
[     376,    3434,    3089,     376]
[     377,    3452,    3089,     377]
[     378,    3433,    3089,     378]
[     379,    3421,    3089,     379]
[     380,    3518,    3089,     380]
[     381,    3482,    3089,     381]
[     382,    3455,    3089,     382]
[     383,    3467,    3089,     383]
[     384,    3451,    3089,     384]
[     385,    3453,    3089,     385]
[     386,    3452,    3089,     386]
[     387,    3456,    3089,     387]
[     388,    3450,    3089,     388]
[     389,    3456,    3089,     389]
[     390,    3458,    3089,     390]
[     391,    3466,    3089,     391]
[     392,    3460,    3089,     392]
[     393,    3462,    3089,     393]
[     394,    3461,    3089,     394]
[     395,    3469,    3089,     395]
[     396,    3471,    3089,     396]
[     397,    3456,    3089,     397]
[     398,    3432,    3089,     398]
[     399,    3476,    3089,     399]
[     400,    3467,    3089,     400]
[     401,    3466,    3089,     401]
[     402,    3471,    3089,     402]
[     403,    3476,    3089,     403]
[     404,    3473,    3089,     404]
[     405,    3472,    3089,     405]
[     406,    3474,    3089,     406]
[     407,    3486,    3089,     407]
[     408,    3480,    3089,     408]
[     409,    3473,    3089,     409]
[     410,    3479,    3089,     410]
[     411,    3487,    3089,     411]
[     412,    3477,    3089,     412]
[     413,    3472,    3089,     413]
[     414,    3483,    3089,     414]
[     415,    3477,    3089,     415]
[     416,    3484,    3089,     416]
[     417,    3496,    3089,     417]
[     418,    3489,    3089,     418]
[     419,    3497,    3089,     419]
[     420,    3481,    3089,     420]
[     421,    3494,    3089,     421]
[     422,    3495,    3089,     422]
[     423,    3497,    3089,     423]
[     424,    3495,    3089,     424]
[     425,    3497,    3089,     425]
[     426,    3495,    3089,     426]
[     427,    3499,    3089,     427]
[     428,    3486,    3089,     428]
[     429,    3507,    3089,     429]
[     430,    3507,    3089,     430]
[     431,    3496,    3089,     431]
[     432,    3543,    3089,     432]
[     433,    3506,    3089,     433]
[     434,    3612,    3089,     434]
[     435,    3478,    3089,     435]
[     436,    3491,    3089,     436]
[     437,    3490,    3089,     437]
[     438,    3519,    3089,     438]
[     439,    3506,    3089,     439]
[     440,    3512,    3089,     440]
[     441,    3526,    3089,     441]
[     442,    3509,    3089,     442]
[     443,    3518,    3089,     443]
[     444,    3504,    3089,     444]
[     445,    3514,    3089,     445]
[     446,    3527,    3089,     446]
[     447,    3526,    3089,     447]
[     448,    3524,    3089,     448]
[     449,    3524,    3089,     449]
[     450,    3517,    3089,     450]
[     451,    3520,    3089,     451]
[     452,    3528,    3089,     452]
[     453,    3532,    3089,     453]
[     454,    3529,    3089,     454]
[     455,    3512,    3089,     455]
[     456,    3539,    3089,     456]
[     457,    3545,    3089,     457]
[     458,    3524,    3089,     458]
[     459,    3528,    3089,     459]
[     460,    3535,    3089,     460]
[     461,    3537,    3089,     461]
[     462,    3530,    3089,     462]
[     463,    3547,    3089,     463]
[     464,    3541,    3089,     464]
[     465,    3536,    3089,     465]
[     466,    3540,    3089,     466]
[     467,    3545,    3089,     467]
[     468,    3542,    3089,     468]
[     469,    3534,    3089,     469]
[     470,    3543,    3089,     470]
[     471,    3551,    3089,     471]
[     472,    3553,    3089,     472]
[     473,    3553,    3089,     473]
[     474,    3552,    3089,     474]
[     475,    3553,    3089,     475]
[     476,    3563,    3089,     476]
[     477,    3549,    3089,     477]
[     478,    3548,    3089,     478]
[     479,    3557,    3089,     479]
[     480,    3561,    3089,     480]
[     481,    3552,    3089,     481]
[     482,    3562,    3089,     482]
[     483,    3554,    3089,     483]
[     484,    3560,    3089,     484]
[     485,    3558,    3089,     485]
[     486,    3572,    3089,     486]
[     487,    3564,    3089,     487]
[     488,    3534,    3089,     488]
[     489,    3516,    3089,     489]
[     490,    3584,    3089,     490]
[     491,    3558,    3089,     491]
[     492,    3572,    3089,     492]
[     493,    3560,    3089,     493]
[     494,    3575,    3089,     494]
[     495,    3576,    3089,     495]
[     496,    3572,    3089,     496]
[     497,    3561,    3089,     497]
[     498,    3561,    3089,     498]
[     499,    3578,    3089,     499]
[     500,    3582,    3089,     500]
[     501,    3575,    3089,     501]
[     502,    3579,    3089,     502]
[     503,    3583,    3089,     503]
[     504,    3585,    3089,     504]
[     505,    3582,    3089,     505]
[     506,    3587,    3089,     506]
[     507,    3595,    3089,     507]
[     508,    3584,    3089,     508]
[     509,    3578,    3089,     509]
[     510,    3583,    3089,     510]
[     511,    3592,    3089,     511]
[     512,    3592,    3089,     512]
[     513,    3595,    3089,     513]
[     514,    3591,    3089,     514]
[     515,    3596,    3089,     515]
[     516,    3589,    3089,     516]
[     517,    3593,    3089,     517]
[     518,    3590,    3089,     518]
[     519,    3601,    3089,     519]
[     520,    3601,    3089,     520]
[     521,    3602,    3089,     521]
[     522,    3602,    3089,     522]
[     523,    3612,    3089,     523]
[     524,    3607,    3089,     524]
[     525,    3604,    3089,     525]
[     526,    3605,    3089,     526]
[     527,    3621,    3089,     527]
[     528,    3597,    3089,     528]
[     529,    3599,    3089,     529]
[     530,    3607,    3089,     530]
[     531,    3608,    3089,     531]
[     532,    3598,    3089,     532]
[     533,    3604,    3089,     533]
[     534,    3611,    3089,     534]
[     535,    3610,    3089,     535]
[     536,    3621,    3089,     536]
[     537,    3611,    3089,     537]
[     538,    3604,    3089,     538]
[     539,    3607,    3089,     539]
[     540,    3603,    3089,     540]
[     541,    3586,    3089,     541]
[     542,    3646,    3089,     542]
[     543,    3529,    3089,     543]
[     544,    3631,    3089,     544]
[     545,    3586,    3089,     545]
[     546,    3601,    3089,     546]
[     547,    3632,    3089,     547]
[     548,    3625,    3089,     548]
[     549,    3629,    3089,     549]
[     550,    3626,    3089,     550]
[     551,    3635,    3089,     551]
[     552,    3630,    3089,     552]
[     553,    3618,    3089,     553]
[     554,    3632,    3089,     554]
[     555,    3641,    3089,     555]
[     556,    3630,    3089,     556]
[     557,    3630,    3089,     557]
[     558,    3628,    3089,     558]
[     559,    3634,    3089,     559]
[     560,    3626,    3089,     560]
[     561,    3639,    3089,     561]
[     562,    3627,    3089,     562]
[     563,    3634,    3089,     563]
[     564,    3636,    3089,     564]
[     565,    3644,    3089,     565]
[     566,    3647,    3089,     566]
[     567,    3634,    3089,     567]
[     568,    3642,    3089,     568]
[     569,    3645,    3089,     569]
[     570,    3642,    3089,     570]
[     571,    3644,    3089,     571]
[     572,    3643,    3089,     572]
[     573,    3645,    3089,     573]
[     574,    3644,    3089,     574]
[     575,    3638,    3089,     575]
[     576,    3651,    3089,     576]
[     577,    3653,    3089,     577]
[     578,    3651,    3089,     578]
[     579,    3656,    3089,     579]
[     580,    3656,    3089,     580]
[     581,    3650,    3089,     581]
[     582,    3654,    3089,     582]
[     583,    3652,    3089,     583]
[     584,    3653,    3089,     584]
[     585,    3656,    3089,     585]
[     586,    3653,    3089,     586]
[     587,    3655,    3089,     587]
[     588,    3655,    3089,     588]
[     589,    3654,    3089,     589]
[     590,    3660,    3089,     590]
[     591,    3663,    3089,     591]
[     592,    3653,    3089,     592]
[     593,    3657,    3089,     593]
[     594,    3664,    3089,     594]
[     595,    3676,    3089,     595]
[     596,    3665,    3089,     596]
[     597,    3656,    3089,     597]
[     598,    3657,    3089,     598]
[     599,    3648,    3089,     599]
[     600,    3654,    3089,     600]
[     601,    3660,    3089,     601]
[     602,    3666,    3089,     602]
[     603,    3663,    3089,     603]
[     604,    3666,    3089,     604]
[     605,    3655,    3089,     605]
[     606,    3663,    3089,     606]
[     607,    3671,    3089,     607]
[     608,    3674,    3089,     608]
[     609,    3664,    3089,     609]
[     610,    3666,    3089,     610]
[     611,    3663,    3089,     611]
[     612,    3660,    3089,     612]
[     613,    3662,    3089,     613]
[     614,    3669,    3089,     614]
[     615,    3681,    3089,     615]
[     616,    3681,    3089,     616]
[     617,    3670,    3089,     617]
[     618,    3664,    3089,     618]
[     619,    3671,    3089,     619]
[     620,    3670,    3089,     620]
[     621,    3668,    3089,     621]
[     622,    3666,    3089,     622]
[     623,    3673,    3089,     623]
[     624,    3675,    3089,     624]
[     625,    3675,    3089,     625]
[     626,    3670,    3089,     626]
[     627,    3668,    3089,     627]
[     628,    3668,    3089,     628]
[     629,    3672,    3089,     629]
[     630,    3667,    3089,     630]
[     631,    3672,    3089,     631]
[     632,    3670,    3089,     632]
[     633,    3666,    3089,     633]
[     634,    3664,    3089,     634]
[     635,    3666,    3089,     635]
[     636,    3667,    3089,     636]
[     637,    3658,    3089,     637]
[     638,    3673,    3089,     638]
[     639,    3670,    3089,     639]
[     640,    3665,    3089,     640]
[     641,    3670,    3089,     641]
[     642,    3663,    3089,     642]
[     643,    3669,    3089,     643]
[     644,    3670,    3089,     644]
[     645,    3662,    3089,     645]
[     646,    3677,    3089,     646]
[     647,    3677,    3089,     647]
[     648,    3660,    3089,     648]
[     649,    3676,    3089,     649]
[     650,    3654,    3089,     650]
[     651,    3643,    3089,     651]
[     652,    3637,    3089,     652]
[     653,    3687,    3089,     653]
[     654,    3676,    3089,     654]
[     655,    3675,    3089,     655]
[     656,    3665,    3089,     656]
[     657,    3677,    3089,     657]
[     658,    3675,    3089,     658]
[     659,    3663,    3089,     659]
[     660,    3673,    3089,     660]
[     661,    3664,    3089,     661]
[     662,    3672,    3089,     662]
[     663,    3669,    3089,     663]
[     664,    3663,    3089,     664]
[     665,    3687,    3089,     665]
[     666,    3671,    3089,     666]
[     667,    3676,    3089,     667]
[     668,    3665,    3089,     668]
[     669,    3667,    3089,     669]
[     670,    3670,    3089,     670]
[     671,    3669,    3089,     671]
[     672,    3671,    3089,     672]
[     673,    3673,    3089,     673]
[     674,    3670,    3089,     674]
[     675,    3675,    3089,     675]
[     676,    3676,    3089,     676]
[     677,    3670,    3089,     677]
[     678,    3678,    3089,     678]
[     679,    3667,    3089,     679]
[     680,    3685,    3089,     680]
[     681,    3672,    3089,     681]
[     682,    3668,    3089,     682]
[     683,    3684,    3089,     683]
[     684,    3683,    3089,     684]
[     685,    3667,    3089,     685]
[     686,    3674,    3089,     686]
[     687,    3680,    3089,     687]
[     688,    3677,    3089,     688]
[     689,    3678,    3089,     689]
[     690,    3674,    3089,     690]
[     691,    3679,    3089,     691]
[     692,    3673,    3089,     692]
[     693,    3675,    3089,     693]
[     694,    3670,    3089,     694]
[     695,    3668,    3089,     695]
[     696,    3677,    3089,     696]
[     697,    3678,    3089,     697]
[     698,    3686,    3089,     698]
[     699,    3676,    3089,     699]
[     700,    3672,    3089,     700]
[     701,    3672,    3089,     701]
[     702,    3672,    3089,     702]
[     703,    3675,    3089,     703]
[     704,    3674,    3089,     704]
[     705,    3668,    3089,     705]

]