[INFO]: AT32F421 WK Demo Start
[INFO]: ADC_IIN_RANK_IDX 3092

data = 
[
[       0,    3098,    3092,       0]
[       1,    3093,    3092,       1]
[       2,    3095,    3092,       2]
[       3,    3091,    3092,       3]
[       4,    3094,    3092,       4]
[       5,    3087,    3092,       5]
[       6,    3093,    3092,       6]
[       7,    3088,    3092,       7]
[       8,    3100,    3092,       8]
[       9,    3093,    3092,       9]
[      10,    3093,    3092,      10]
[      11,    3094,    3092,      11]
[      12,    3091,    3092,      12]
[      13,    3095,    3092,      13]
[      14,    3094,    3092,      14]
[      15,    3094,    3092,      15]
[      16,    3087,    3092,      16]
[      17,    3089,    3092,      17]
[      18,    3086,    3092,      18]
[      19,    3098,    3092,      19]
[      20,    3094,    3092,      20]
[      21,    3091,    3092,      21]
[      22,    3096,    3092,      22]
[      23,    3087,    3092,      23]
[      24,    3090,    3092,      24]
[      25,    3094,    3092,      25]
[      26,    3090,    3092,      26]
[      27,    3086,    3092,      27]
[      28,    3099,    3092,      28]
[      29,    3094,    3092,      29]
[      30,    3102,    3092,      30]
[      31,    3097,    3092,      31]
[      32,    3098,    3092,      32]
[      33,    3104,    3092,      33]
[      34,    3105,    3092,      34]
[      35,    3108,    3092,      35]
[      36,    3109,    3092,      36]
[      37,    3116,    3092,      37]
[      38,    3117,    3092,      38]
[      39,    3116,    3092,      39]
[      40,    3118,    3092,      40]
[      41,    3123,    3092,      41]
[      42,    3132,    3092,      42]
[      43,    3129,    3092,      43]
[      44,    3128,    3092,      44]
[      45,    3126,    3092,      45]
[      46,    3135,    3092,      46]
[      47,    3126,    3092,      47]
[      48,    3131,    3092,      48]
[      49,    3132,    3092,      49]
[      50,    3134,    3092,      50]
[      51,    3140,    3092,      51]
[      52,    3133,    3092,      52]
[      53,    3135,    3092,      53]
[      54,    3134,    3092,      54]
[      55,    3138,    3092,      55]
[      56,    3136,    3092,      56]
[      57,    3143,    3092,      57]
[      58,    3152,    3092,      58]
[      59,    3143,    3092,      59]
[      60,    3144,    3092,      60]
[      61,    3150,    3092,      61]
[      62,    3161,    3092,      62]
[      63,    3152,    3092,      63]
[      64,    3154,    3092,      64]
[      65,    3155,    3092,      65]
[      66,    3157,    3092,      66]
[      67,    3157,    3092,      67]
[      68,    3170,    3092,      68]
[      69,    3167,    3092,      69]
[      70,    3173,    3092,      70]
[      71,    3169,    3092,      71]
[      72,    3174,    3092,      72]
[      73,    3176,    3092,      73]
[      74,    3173,    3092,      74]
[      75,    3170,    3092,      75]
[      76,    3178,    3092,      76]
[      77,    3182,    3092,      77]
[      78,    3175,    3092,      78]
[      79,    3180,    3092,      79]
[      80,    3192,    3092,      80]
[      81,    3193,    3092,      81]
[      82,    3185,    3092,      82]
[      83,    3191,    3092,      83]
[      84,    3198,    3092,      84]
[      85,    3196,    3092,      85]
[      86,    3199,    3092,      86]
[      87,    3209,    3092,      87]
[      88,    3203,    3092,      88]
[      89,    3200,    3092,      89]
[      90,    3202,    3092,      90]
[      91,    3212,    3092,      91]
[      92,    3198,    3092,      92]
[      93,    3210,    3092,      93]
[      94,    3212,    3092,      94]
[      95,    3208,    3092,      95]
[      96,    3192,    3092,      96]
[      97,    3215,    3092,      97]
[      98,    3216,    3092,      98]
[      99,    3223,    3092,      99]
[     100,    3217,    3092,     100]
[     101,    3230,    3092,     101]
[     102,    3232,    3092,     102]
[     103,    3231,    3092,     103]
[     104,    3225,    3092,     104]
[     105,    3231,    3092,     105]
[     106,    3242,    3092,     106]
[     107,    3240,    3092,     107]
[     108,    3224,    3092,     108]
[     109,    3238,    3092,     109]
[     110,    3238,    3092,     110]
[     111,    3244,    3092,     111]
[     112,    3245,    3092,     112]
[     113,    3248,    3092,     113]
[     114,    3251,    3092,     114]
[     115,    3247,    3092,     115]
[     116,    3259,    3092,     116]
[     117,    3247,    3092,     117]
[     118,    3246,    3092,     118]
[     119,    3261,    3092,     119]
[     120,    3256,    3092,     120]
[     121,    3256,    3092,     121]
[     122,    3258,    3092,     122]
[     123,    3262,    3092,     123]
[     124,    3253,    3092,     124]
[     125,    3260,    3092,     125]
[     126,    3260,    3092,     126]
[     127,    3263,    3092,     127]
[     128,    3257,    3092,     128]
[     129,    3259,    3092,     129]
[     130,    3265,    3092,     130]
[     131,    3270,    3092,     131]
[     132,    3275,    3092,     132]
[     133,    3273,    3092,     133]
[     134,    3276,    3092,     134]
[     135,    3278,    3092,     135]
[     136,    3277,    3092,     136]
[     137,    3268,    3092,     137]
[     138,    3283,    3092,     138]
[     139,    3292,    3092,     139]
[     140,    3263,    3092,     140]
[     141,    3272,    3092,     141]
[     142,    3292,    3092,     142]
[     143,    3282,    3092,     143]
[     144,    3292,    3092,     144]
[     145,    3286,    3092,     145]
[     146,    3296,    3092,     146]
[     147,    3300,    3092,     147]
[     148,    3289,    3092,     148]
[     149,    3287,    3092,     149]
[     150,    3303,    3092,     150]
[     151,    3295,    3092,     151]
[     152,    3291,    3092,     152]
[     153,    3309,    3092,     153]
[     154,    3293,    3092,     154]
[     155,    3284,    3092,     155]
[     156,    3303,    3092,     156]
[     157,    3312,    3092,     157]
[     158,    3312,    3092,     158]
[     159,    3305,    3092,     159]
[     160,    3285,    3092,     160]
[     161,    3304,    3092,     161]
[     162,    3307,    3092,     162]
[     163,    3304,    3092,     163]
[     164,    3310,    3092,     164]
[     165,    3305,    3092,     165]
[     166,    3318,    3092,     166]
[     167,    3310,    3092,     167]
[     168,    3320,    3092,     168]
[     169,    3316,    3092,     169]
[     170,    3315,    3092,     170]
[     171,    3324,    3092,     171]
[     172,    3317,    3092,     172]
[     173,    3328,    3092,     173]
[     174,    3317,    3092,     174]
[     175,    3329,    3092,     175]
[     176,    3317,    3092,     176]
[     177,    3332,    3092,     177]
[     178,    3336,    3092,     178]
[     179,    3325,    3092,     179]
[     180,    3332,    3092,     180]
[     181,    3338,    3092,     181]
[     182,    3335,    3092,     182]
[     183,    3326,    3092,     183]
[     184,    3338,    3092,     184]
[     185,    3335,    3092,     185]
[     186,    3342,    3092,     186]
[     187,    3320,    3092,     187]
[     188,    3343,    3092,     188]
[     189,    3338,    3092,     189]
[     190,    3342,    3092,     190]
[     191,    3340,    3092,     191]
[     192,    3336,    3092,     192]
[     193,    3336,    3092,     193]
[     194,    3348,    3092,     194]
[     195,    3343,    3092,     195]
[     196,    3342,    3092,     196]
[     197,    3334,    3092,     197]
[     198,    3348,    3092,     198]
[     199,    3336,    3092,     199]
[     200,    3342,    3092,     200]
[     201,    3347,    3092,     201]
[     202,    3342,    3092,     202]
[     203,    3350,    3092,     203]
[     204,    3341,    3092,     204]
[     205,    3351,    3092,     205]
[     206,    3348,    3092,     206]
[     207,    3350,    3092,     207]
[     208,    3350,    3092,     208]
[     209,    3355,    3092,     209]
[     210,    3349,    3092,     210]
[     211,    3346,    3092,     211]
[     212,    3357,    3092,     212]
[     213,    3356,    3092,     213]
[     214,    3359,    3092,     214]
[     215,    3362,    3092,     215]
[     216,    3349,    3092,     216]
[     217,    3368,    3092,     217]
[     218,    3364,    3092,     218]
[     219,    3357,    3092,     219]
[     220,    3369,    3092,     220]
[     221,    3365,    3092,     221]
[     222,    3359,    3092,     222]
[     223,    3365,    3092,     223]
[     224,    3355,    3092,     224]
[     225,    3365,    3092,     225]
[     226,    3366,    3092,     226]
[     227,    3370,    3092,     227]
[     228,    3381,    3092,     228]
[     229,    3376,    3092,     229]
[     230,    3369,    3092,     230]
[     231,    3369,    3092,     231]
[     232,    3367,    3092,     232]
[     233,    3376,    3092,     233]
[     234,    3367,    3092,     234]
[     235,    3369,    3092,     235]
[     236,    3372,    3092,     236]
[     237,    3369,    3092,     237]
[     238,    3367,    3092,     238]
[     239,    3356,    3092,     239]
[     240,    3373,    3092,     240]
[     241,    3381,    3092,     241]
[     242,    3375,    3092,     242]
[     243,    3376,    3092,     243]
[     244,    3367,    3092,     244]
[     245,    3375,    3092,     245]
[     246,    3383,    3092,     246]
[     247,    3380,    3092,     247]
[     248,    3373,    3092,     248]
[     249,    3383,    3092,     249]
[     250,    3380,    3092,     250]
[     251,    3373,    3092,     251]
[     252,    3373,    3092,     252]
[     253,    3380,    3092,     253]
[     254,    3384,    3092,     254]
[     255,    3384,    3092,     255]
[     256,    3383,    3092,     256]
[     257,    3373,    3092,     257]
[     258,    3388,    3092,     258]
[     259,    3385,    3092,     259]
[     260,    3383,    3092,     260]
[     261,    3388,    3092,     261]
[     262,    3386,    3092,     262]
[     263,    3386,    3092,     263]
[     264,    3393,    3092,     264]
[     265,    3385,    3092,     265]
[     266,    3391,    3092,     266]
[     267,    3386,    3092,     267]
[     268,    3380,    3092,     268]
[     269,    3385,    3092,     269]
[     270,    3386,    3092,     270]
[     271,    3371,    3092,     271]
[     272,    3383,    3092,     272]
[     273,    3399,    3092,     273]
[     274,    3387,    3092,     274]
[     275,    3385,    3092,     275]
[     276,    3379,    3092,     276]
[     277,    3401,    3092,     277]
[     278,    3393,    3092,     278]
[     279,    3384,    3092,     279]
[     280,    3390,    3092,     280]
[     281,    3375,    3092,     281]
[     282,    3377,    3092,     282]
[     283,    3382,    3092,     283]
[     284,    3383,    3092,     284]
[     285,    3398,    3092,     285]
[     286,    3396,    3092,     286]
[     287,    3391,    3092,     287]
[     288,    3386,    3092,     288]
[     289,    3391,    3092,     289]
[     290,    3387,    3092,     290]
[     291,    3379,    3092,     291]
[     292,    3386,    3092,     292]
[     293,    3391,    3092,     293]
[     294,    3388,    3092,     294]
[     295,    3376,    3092,     295]
[     296,    3377,    3092,     296]
[     297,    3380,    3092,     297]
[     298,    3375,    3092,     298]
[     299,    3379,    3092,     299]
[     300,    3379,    3092,     300]
[     301,    3389,    3092,     301]
[     302,    3388,    3092,     302]
[     303,    3390,    3092,     303]
[     304,    3397,    3092,     304]
[     305,    3384,    3092,     305]
[     306,    3390,    3092,     306]
[     307,    3399,    3092,     307]
[     308,    3397,    3092,     308]
[     309,    3395,    3092,     309]
[     310,    3402,    3092,     310]
[     311,    3401,    3092,     311]
[     312,    3417,    3092,     312]
[     313,    3404,    3092,     313]
[     314,    3408,    3092,     314]
[     315,    3408,    3092,     315]
[     316,    3426,    3092,     316]
[     317,    3409,    3092,     317]
[     318,    3402,    3092,     318]
[     319,    3433,    3092,     319]
[     320,    3399,    3092,     320]
[     321,    3401,    3092,     321]
[     322,    3405,    3092,     322]
[     323,    3399,    3092,     323]
[     324,    3424,    3092,     324]
[     325,    3532,    3092,     325]
[     326,    3511,    3092,     326]
[     327,    3441,    3092,     327]
[     328,    3444,    3092,     328]
[     329,    3407,    3092,     329]
[     330,    3436,    3092,     330]
[     331,    3413,    3092,     331]
[     332,    3407,    3092,     332]
[     333,    3432,    3092,     333]
[     334,    3438,    3092,     334]
[     335,    3424,    3092,     335]
[     336,    3439,    3092,     336]
[     337,    3425,    3092,     337]
[     338,    3423,    3092,     338]
[     339,    3434,    3092,     339]
[     340,    3433,    3092,     340]
[     341,    3457,    3092,     341]
[     342,    3456,    3092,     342]
[     343,    3446,    3092,     343]
[     344,    3445,    3092,     344]
[     345,    3459,    3092,     345]
[     346,    3452,    3092,     346]
[     347,    3456,    3092,     347]
[     348,    3440,    3092,     348]
[     349,    3459,    3092,     349]
[     350,    3449,    3092,     350]
[     351,    3456,    3092,     351]
[     352,    3454,    3092,     352]
[     353,    3449,    3092,     353]
[     354,    3454,    3092,     354]
[     355,    3461,    3092,     355]
[     356,    3449,    3092,     356]
[     357,    3459,    3092,     357]
[     358,    3473,    3092,     358]
[     359,    3467,    3092,     359]
[     360,    3459,    3092,     360]
[     361,    3467,    3092,     361]
[     362,    3512,    3092,     362]
[     363,    3467,    3092,     363]
[     364,    3462,    3092,     364]
[     365,    3469,    3092,     365]
[     366,    3466,    3092,     366]
[     367,    3466,    3092,     367]
[     368,    3473,    3092,     368]
[     369,    3465,    3092,     369]
[     370,    3467,    3092,     370]
[     371,    3486,    3092,     371]
[     372,    3466,    3092,     372]
[     373,    3469,    3092,     373]
[     374,    3486,    3092,     374]
[     375,    3486,    3092,     375]
[     376,    3476,    3092,     376]
[     377,    3481,    3092,     377]
[     378,    3484,    3092,     378]
[     379,    3502,    3092,     379]
[     380,    3456,    3092,     380]
[     381,    3494,    3092,     381]
[     382,    3478,    3092,     382]
[     383,    3494,    3092,     383]
[     384,    3493,    3092,     384]
[     385,    3496,    3092,     385]
[     386,    3474,    3092,     386]
[     387,    3495,    3092,     387]
[     388,    3497,    3092,     388]
[     389,    3485,    3092,     389]
[     390,    3507,    3092,     390]
[     391,    3512,    3092,     391]
[     392,    3506,    3092,     392]
[     393,    3510,    3092,     393]
[     394,    3508,    3092,     394]
[     395,    3509,    3092,     395]
[     396,    3507,    3092,     396]
[     397,    3518,    3092,     397]
[     398,    3545,    3092,     398]
[     399,    3510,    3092,     399]
[     400,    3516,    3092,     400]
[     401,    3510,    3092,     401]
[     402,    3516,    3092,     402]
[     403,    3510,    3092,     403]
[     404,    3527,    3092,     404]
[     405,    3531,    3092,     405]
[     406,    3530,    3092,     406]
[     407,    3526,    3092,     407]
[     408,    3521,    3092,     408]
[     409,    3528,    3092,     409]
[     410,    3515,    3092,     410]
[     411,    3543,    3092,     411]
[     412,    3534,    3092,     412]
[     413,    3527,    3092,     413]
[     414,    3525,    3092,     414]
[     415,    3530,    3092,     415]
[     416,    3535,    3092,     416]
[     417,    3532,    3092,     417]
[     418,    3538,    3092,     418]
[     419,    3543,    3092,     419]
[     420,    3536,    3092,     420]
[     421,    3545,    3092,     421]
[     422,    3543,    3092,     422]
[     423,    3546,    3092,     423]
[     424,    3525,    3092,     424]
[     425,    3541,    3092,     425]
[     426,    3546,    3092,     426]
[     427,    3545,    3092,     427]
[     428,    3533,    3092,     428]
[     429,    3529,    3092,     429]
[     430,    3536,    3092,     430]
[     431,    3552,    3092,     431]
[     432,    3552,    3092,     432]
[     433,    3542,    3092,     433]
[     434,    3501,    3092,     434]
[     435,    3660,    3092,     435]
[     436,    3568,    3092,     436]
[     437,    3568,    3092,     437]
[     438,    3550,    3092,     438]
[     439,    3552,    3092,     439]
[     440,    3555,    3092,     440]
[     441,    3564,    3092,     441]
[     442,    3579,    3092,     442]
[     443,    3560,    3092,     443]
[     444,    3553,    3092,     444]
[     445,    3565,    3092,     445]
[     446,    3563,    3092,     446]
[     447,    3555,    3092,     447]
[     448,    3574,    3092,     448]
[     449,    3563,    3092,     449]
[     450,    3567,    3092,     450]
[     451,    3579,    3092,     451]
[     452,    3569,    3092,     452]
[     453,    3571,    3092,     453]
[     454,    3580,    3092,     454]
[     455,    3586,    3092,     455]
[     456,    3576,    3092,     456]
[     457,    3591,    3092,     457]
[     458,    3583,    3092,     458]
[     459,    3569,    3092,     459]
[     460,    3581,    3092,     460]
[     461,    3579,    3092,     461]
[     462,    3580,    3092,     462]
[     463,    3586,    3092,     463]
[     464,    3589,    3092,     464]
[     465,    3588,    3092,     465]
[     466,    3597,    3092,     466]
[     467,    3600,    3092,     467]
[     468,    3596,    3092,     468]
[     469,    3601,    3092,     469]
[     470,    3596,    3092,     470]
[     471,    3599,    3092,     471]
[     472,    3592,    3092,     472]
[     473,    3586,    3092,     473]
[     474,    3606,    3092,     474]
[     475,    3598,    3092,     475]
[     476,    3601,    3092,     476]
[     477,    3607,    3092,     477]
[     478,    3605,    3092,     478]
[     479,    3610,    3092,     479]
[     480,    3599,    3092,     480]
[     481,    3601,    3092,     481]
[     482,    3598,    3092,     482]
[     483,    3610,    3092,     483]
[     484,    3620,    3092,     484]
[     485,    3609,    3092,     485]
[     486,    3618,    3092,     486]
[     487,    3631,    3092,     487]
[     488,    3563,    3092,     488]
[     489,    3648,    3092,     489]
[     490,    3636,    3092,     490]
[     491,    3622,    3092,     491]
[     492,    3629,    3092,     492]
[     493,    3624,    3092,     493]
[     494,    3629,    3092,     494]
[     495,    3625,    3092,     495]
[     496,    3624,    3092,     496]
[     497,    3621,    3092,     497]
[     498,    3623,    3092,     498]
[     499,    3609,    3092,     499]
[     500,    3623,    3092,     500]
[     501,    3622,    3092,     501]
[     502,    3627,    3092,     502]
[     503,    3628,    3092,     503]
[     504,    3639,    3092,     504]
[     505,    3633,    3092,     505]
[     506,    3645,    3092,     506]
[     507,    3628,    3092,     507]
[     508,    3629,    3092,     508]
[     509,    3638,    3092,     509]
[     510,    3633,    3092,     510]
[     511,    3652,    3092,     511]
[     512,    3644,    3092,     512]
[     513,    3639,    3092,     513]
[     514,    3639,    3092,     514]
[     515,    3644,    3092,     515]
[     516,    3651,    3092,     516]
[     517,    3649,    3092,     517]
[     518,    3653,    3092,     518]
[     519,    3641,    3092,     519]
[     520,    3654,    3092,     520]
[     521,    3657,    3092,     521]
[     522,    3651,    3092,     522]
[     523,    3657,    3092,     523]
[     524,    3659,    3092,     524]
[     525,    3649,    3092,     525]
[     526,    3665,    3092,     526]
[     527,    3662,    3092,     527]
[     528,    3648,    3092,     528]
[     529,    3670,    3092,     529]
[     530,    3662,    3092,     530]
[     531,    3646,    3092,     531]
[     532,    3657,    3092,     532]
[     533,    3682,    3092,     533]
[     534,    3661,    3092,     534]
[     535,    3662,    3092,     535]
[     536,    3661,    3092,     536]
[     537,    3672,    3092,     537]
[     538,    3668,    3092,     538]
[     539,    3677,    3092,     539]
[     540,    3661,    3092,     540]
[     541,    3691,    3092,     541]
[     542,    3710,    3092,     542]
[     543,    3618,    3092,     543]
[     544,    3695,    3092,     544]
[     545,    3685,    3092,     545]
[     546,    3659,    3092,     546]
[     547,    3688,    3092,     547]
[     548,    3688,    3092,     548]
[     549,    3671,    3092,     549]
[     550,    3671,    3092,     550]
[     551,    3669,    3092,     551]
[     552,    3693,    3092,     552]
[     553,    3676,    3092,     553]
[     554,    3691,    3092,     554]
[     555,    3678,    3092,     555]
[     556,    3693,    3092,     556]
[     557,    3679,    3092,     557]
[     558,    3689,    3092,     558]
[     559,    3691,    3092,     559]
[     560,    3683,    3092,     560]
[     561,    3693,    3092,     561]
[     562,    3682,    3092,     562]
[     563,    3696,    3092,     563]
[     564,    3705,    3092,     564]
[     565,    3691,    3092,     565]
[     566,    3693,    3092,     566]
[     567,    3700,    3092,     567]
[     568,    3697,    3092,     568]
[     569,    3694,    3092,     569]
[     570,    3708,    3092,     570]
[     571,    3698,    3092,     571]
[     572,    3703,    3092,     572]
[     573,    3706,    3092,     573]
[     574,    3701,    3092,     574]
[     575,    3697,    3092,     575]
[     576,    3703,    3092,     576]
[     577,    3712,    3092,     577]
[     578,    3708,    3092,     578]
[     579,    3705,    3092,     579]
[     580,    3704,    3092,     580]
[     581,    3701,    3092,     581]
[     582,    3720,    3092,     582]
[     583,    3712,    3092,     583]
[     584,    3712,    3092,     584]
[     585,    3712,    3092,     585]
[     586,    3707,    3092,     586]
[     587,    3705,    3092,     587]
[     588,    3726,    3092,     588]
[     589,    3729,    3092,     589]
[     590,    3713,    3092,     590]
[     591,    3733,    3092,     591]
[     592,    3707,    3092,     592]
[     593,    3718,    3092,     593]
[     594,    3714,    3092,     594]
[     595,    3731,    3092,     595]
[     596,    3748,    3092,     596]
[     597,    3748,    3092,     597]
[     598,    3709,    3092,     598]
[     599,    3730,    3092,     599]
[     600,    3732,    3092,     600]
[     601,    3719,    3092,     601]
[     602,    3713,    3092,     602]
[     603,    3717,    3092,     603]
[     604,    3726,    3092,     604]
[     605,    3723,    3092,     605]
[     606,    3717,    3092,     606]
[     607,    3737,    3092,     607]
[     608,    3728,    3092,     608]
[     609,    3724,    3092,     609]
[     610,    3726,    3092,     610]
[     611,    3718,    3092,     611]
[     612,    3738,    3092,     612]
[     613,    3722,    3092,     613]
[     614,    3739,    3092,     614]
[     615,    3725,    3092,     615]
[     616,    3727,    3092,     616]
[     617,    3735,    3092,     617]
[     618,    3721,    3092,     618]
[     619,    3734,    3092,     619]
[     620,    3720,    3092,     620]
[     621,    3740,    3092,     621]
[     622,    3726,    3092,     622]
[     623,    3732,    3092,     623]
[     624,    3728,    3092,     624]
[     625,    3733,    3092,     625]
[     626,    3727,    3092,     626]
[     627,    3735,    3092,     627]
[     628,    3729,    3092,     628]
[     629,    3735,    3092,     629]
[     630,    3727,    3092,     630]
[     631,    3728,    3092,     631]
[     632,    3722,    3092,     632]
[     633,    3735,    3092,     633]
[     634,    3730,    3092,     634]
[     635,    3733,    3092,     635]
[     636,    3727,    3092,     636]
[     637,    3731,    3092,     637]
[     638,    3733,    3092,     638]
[     639,    3733,    3092,     639]
[     640,    3735,    3092,     640]
[     641,    3724,    3092,     641]
[     642,    3728,    3092,     642]
[     643,    3731,    3092,     643]
[     644,    3726,    3092,     644]
[     645,    3733,    3092,     645]
[     646,    3731,    3092,     646]
[     647,    3736,    3092,     647]
[     648,    3715,    3092,     648]
[     649,    3730,    3092,     649]
[     650,    3745,    3092,     650]
[     651,    3745,    3092,     651]
[     652,    3752,    3092,     652]
[     653,    3748,    3092,     653]
[     654,    3719,    3092,     654]
[     655,    3730,    3092,     655]
[     656,    3718,    3092,     656]
[     657,    3735,    3092,     657]
[     658,    3728,    3092,     658]
[     659,    3738,    3092,     659]
[     660,    3736,    3092,     660]
[     661,    3739,    3092,     661]
[     662,    3734,    3092,     662]
[     663,    3735,    3092,     663]
[     664,    3741,    3092,     664]
[     665,    3729,    3092,     665]
[     666,    3730,    3092,     666]
[     667,    3736,    3092,     667]
[     668,    3732,    3092,     668]
[     669,    3733,    3092,     669]
[     670,    3733,    3092,     670]
[     671,    3738,    3092,     671]
[     672,    3734,    3092,     672]
[     673,    3739,    3092,     673]
[     674,    3729,    3092,     674]
[     675,    3735,    3092,     675]
[     676,    3731,    3092,     676]
[     677,    3742,    3092,     677]
[     678,    3738,    3092,     678]
[     679,    3734,    3092,     679]
[     680,    3730,    3092,     680]
[     681,    3732,    3092,     681]
[     682,    3731,    3092,     682]
[     683,    3732,    3092,     683]
[     684,    3729,    3092,     684]
[     685,    3730,    3092,     685]
[     686,    3734,    3092,     686]
[     687,    3731,    3092,     687]
[     688,    3734,    3092,     688]
[     689,    3734,    3092,     689]
[     690,    3739,    3092,     690]
[     691,    3738,    3092,     691]
[     692,    3734,    3092,     692]
[     693,    3737,    3092,     693]
[     694,    3737,    3092,     694]
[     695,    3739,    3092,     695]
[     696,    3732,    3092,     696]
[     697,    3732,    3092,     697]
[     698,    3733,    3092,     698]
[     699,    3735,    3092,     699]
[     700,    3729,    3092,     700]
[     701,    3736,    3092,     701]
[     702,    3726,    3092,     702]
[     703,    3729,    3092,     703]
[     704,    3739,    3092,     704]
[     705,    3728,    3092,     705]

]