# 其他的是80ms，这个是200ms间隔

[INFO],: ADC_IIN_RANK_IDX 3098
data = [
[       0,    3088,    3098,       0],
[       1,    3087,    3098,       1],
[       2,    3096,    3098,       2],
[       3,    3098,    3098,       3],
[       4,    3086,    3098,       4],
[       5,    3090,    3098,       5],
[       6,    3097,    3098,       6],
[       7,    3098,    3098,       7],
[       8,    3098,    3098,       8],
[       9,    3090,    3098,       9],
[      10,    3098,    3098,      10],
[      11,    3091,    3098,      11],
[      12,    3095,    3098,      12],
[      13,    3089,    3098,      13],
[      14,    3098,    3098,      14],
[      15,    3090,    3098,      15],
[      16,    3088,    3098,      16],
[      17,    3088,    3098,      17],
[      18,    3093,    3098,      18],
[      19,    3090,    3098,      19],
[      20,    3092,    3098,      20],
[      21,    3084,    3098,      21],
[      22,    3088,    3098,      22],
[      23,    3087,    3098,      23],
[      24,    3096,    3098,      24],
[      25,    3087,    3098,      25],
[      26,    3090,    3098,      26],
[      27,    3096,    3098,      27],
[      28,    3105,    3098,      28],
[      29,    3097,    3098,      29],
[      30,    3089,    3098,      30],
[      31,    3095,    3098,      31],
[      32,    3099,    3098,      32],
[      33,    3107,    3098,      33],
[      34,    3107,    3098,      34],
[      35,    3112,    3098,      35],
[      36,    3108,    3098,      36],
[      37,    3111,    3098,      37],
[      38,    3119,    3098,      38],
[      39,    3118,    3098,      39],
[      40,    3121,    3098,      40],
[      41,    3130,    3098,      41],
[      42,    3129,    3098,      42],
[      43,    3124,    3098,      43],
[      44,    3123,    3098,      44],
[      45,    3138,    3098,      45],
[      46,    3133,    3098,      46],
[      47,    3134,    3098,      47],
[      48,    3132,    3098,      48],
[      49,    3138,    3098,      49],
[      50,    3133,    3098,      50],
[      51,    3134,    3098,      51],
[      52,    3138,    3098,      52],
[      53,    3148,    3098,      53],
[      54,    3152,    3098,      54],
[      55,    3147,    3098,      55],
[      56,    3139,    3098,      56],
[      57,    3150,    3098,      57],
[      58,    3150,    3098,      58],
[      59,    3144,    3098,      59],
[      60,    3150,    3098,      60],
[      61,    3158,    3098,      61],
[      62,    3153,    3098,      62],
[      63,    3153,    3098,      63],
[      64,    3151,    3098,      64],
[      65,    3157,    3098,      65],
[      66,    3170,    3098,      66],
[      67,    3163,    3098,      67],
[      68,    3158,    3098,      68],
[      69,    3162,    3098,      69],
[      70,    3158,    3098,      70],
[      71,    3172,    3098,      71],
[      72,    3167,    3098,      72],
[      73,    3170,    3098,      73],
[      74,    3178,    3098,      74],
[      75,    3180,    3098,      75],
[      76,    3170,    3098,      76],
[      77,    3173,    3098,      77],
[      78,    3182,    3098,      78],
[      79,    3177,    3098,      79],
[      80,    3176,    3098,      80],
[      81,    3184,    3098,      81],
[      82,    3196,    3098,      82],
[      83,    3181,    3098,      83],
[      84,    3191,    3098,      84],
[      85,    3196,    3098,      85],
[      86,    3183,    3098,      86],
[      87,    3198,    3098,      87],
[      88,    3192,    3098,      88],
[      89,    3209,    3098,      89],
[      90,    3204,    3098,      90],
[      91,    3189,    3098,      91],
[      92,    3198,    3098,      92],
[      93,    3197,    3098,      93],
[      94,    3222,    3098,      94],
[      95,    3221,    3098,      95],
[      96,    3206,    3098,      96],
[      97,    3227,    3098,      97],
[      98,    3215,    3098,      98],
[      99,    3236,    3098,      99],
[     100,    3225,    3098,     100],
[     101,    3218,    3098,     101],
[     102,    3233,    3098,     102],
[     103,    3227,    3098,     103],
[     104,    3229,    3098,     104],
[     105,    3224,    3098,     105],
[     106,    3225,    3098,     106],
[     107,    3239,    3098,     107],
[     108,    3247,    3098,     108],
[     109,    3239,    3098,     109],
[     110,    3242,    3098,     110],
[     111,    3248,    3098,     111],
[     112,    3242,    3098,     112],
[     113,    3237,    3098,     113],
[     114,    3247,    3098,     114],
[     115,    3254,    3098,     115],
[     116,    3256,    3098,     116],
[     117,    3251,    3098,     117],
[     118,    3258,    3098,     118],
[     119,    3243,    3098,     119],
[     120,    3251,    3098,     120],
[     121,    3240,    3098,     121],
[     122,    3245,    3098,     122],
[     123,    3242,    3098,     123],
[     124,    3265,    3098,     124],
[     125,    3256,    3098,     125],
[     126,    3246,    3098,     126],
[     127,    3262,    3098,     127],
[     128,    3264,    3098,     128],
[     129,    3253,    3098,     129],
[     130,    3271,    3098,     130],
[     131,    3256,    3098,     131],
[     132,    3257,    3098,     132],
[     133,    3276,    3098,     133],
[     134,    3259,    3098,     134],
[     135,    3265,    3098,     135],
[     136,    3279,    3098,     136],
[     137,    3261,    3098,     137],
[     138,    3279,    3098,     138],
[     139,    3266,    3098,     139],
[     140,    3281,    3098,     140],
[     141,    3285,    3098,     141],
[     142,    3286,    3098,     142],
[     143,    3283,    3098,     143],
[     144,    3276,    3098,     144],
[     145,    3277,    3098,     145],
[     146,    3296,    3098,     146],
[     147,    3291,    3098,     147],
[     148,    3285,    3098,     148],
[     149,    3296,    3098,     149],
[     150,    3291,    3098,     150],
[     151,    3293,    3098,     151],
[     152,    3290,    3098,     152],
[     153,    3293,    3098,     153],
[     154,    3296,    3098,     154],
[     155,    3299,    3098,     155],
[     156,    3286,    3098,     156],
[     157,    3302,    3098,     157],
[     158,    3305,    3098,     158],
[     159,    3289,    3098,     159],
[     160,    3305,    3098,     160],
[     161,    3311,    3098,     161],
[     162,    3300,    3098,     162],
[     163,    3314,    3098,     163],
[     164,    3318,    3098,     164],
[     165,    3323,    3098,     165],
[     166,    3306,    3098,     166],
[     167,    3312,    3098,     167],
[     168,    3308,    3098,     168],
[     169,    3307,    3098,     169],
[     170,    3314,    3098,     170],
[     171,    3328,    3098,     171],
[     172,    3327,    3098,     172],
[     173,    3332,    3098,     173],
[     174,    3313,    3098,     174],
[     175,    3320,    3098,     175],
[     176,    3333,    3098,     176],
[     177,    3337,    3098,     177],
[     178,    3320,    3098,     178],
[     179,    3321,    3098,     179],
[     180,    3333,    3098,     180],
[     181,    3320,    3098,     181],
[     182,    3325,    3098,     182],
[     183,    3325,    3098,     183],
[     184,    3321,    3098,     184],
[     185,    3327,    3098,     185],
[     186,    3341,    3098,     186],
[     187,    3323,    3098,     187],
[     188,    3337,    3098,     188],
[     189,    3331,    3098,     189],
[     190,    3334,    3098,     190],
[     191,    3336,    3098,     191],
[     192,    3347,    3098,     192],
[     193,    3329,    3098,     193],
[     194,    3342,    3098,     194],
[     195,    3339,    3098,     195],
[     196,    3336,    3098,     196],
[     197,    3341,    3098,     197],
[     198,    3333,    3098,     198],
[     199,    3341,    3098,     199],
[     200,    3346,    3098,     200],
[     201,    3343,    3098,     201],
[     202,    3349,    3098,     202],
[     203,    3341,    3098,     203],
[     204,    3346,    3098,     204],
[     205,    3351,    3098,     205],
[     206,    3341,    3098,     206],
[     207,    3348,    3098,     207],
[     208,    3355,    3098,     208],
[     209,    3350,    3098,     209],
[     210,    3349,    3098,     210],
[     211,    3350,    3098,     211],
[     212,    3351,    3098,     212],
[     213,    3338,    3098,     213],
[     214,    3364,    3098,     214],
[     215,    3364,    3098,     215],
[     216,    3361,    3098,     216],
[     217,    3353,    3098,     217],
[     218,    3349,    3098,     218],
[     219,    3358,    3098,     219],
[     220,    3359,    3098,     220],
[     221,    3359,    3098,     221],
[     222,    3362,    3098,     222],
[     223,    3358,    3098,     223],
[     224,    3356,    3098,     224],
[     225,    3370,    3098,     225],
[     226,    3367,    3098,     226],
[     227,    3366,    3098,     227],
[     228,    3361,    3098,     228],
[     229,    3360,    3098,     229],
[     230,    3365,    3098,     230],
[     231,    3358,    3098,     231],
[     232,    3364,    3098,     232],
[     233,    3370,    3098,     233],
[     234,    3372,    3098,     234],
[     235,    3369,    3098,     235],
[     236,    3368,    3098,     236],
[     237,    3371,    3098,     237],
[     238,    3369,    3098,     238],
[     239,    3366,    3098,     239],
[     240,    3384,    3098,     240],
[     241,    3366,    3098,     241],
[     242,    3372,    3098,     242],
[     243,    3374,    3098,     243],
[     244,    3372,    3098,     244],
[     245,    3373,    3098,     245],
[     246,    3365,    3098,     246],
[     247,    3376,    3098,     247],
[     248,    3372,    3098,     248],
[     249,    3374,    3098,     249],
[     250,    3381,    3098,     250],
[     251,    3372,    3098,     251],
[     252,    3371,    3098,     252],
[     253,    3371,    3098,     253],
[     254,    3376,    3098,     254],
[     255,    3373,    3098,     255],
[     256,    3382,    3098,     256],
[     257,    3378,    3098,     257],
[     258,    3372,    3098,     258],
[     259,    3375,    3098,     259],
[     260,    3384,    3098,     260],
[     261,    3389,    3098,     261],
[     262,    3375,    3098,     262],
[     263,    3383,    3098,     263],
[     264,    3385,    3098,     264],
[     265,    3376,    3098,     265],
[     266,    3380,    3098,     266],
[     267,    3381,    3098,     267],
[     268,    3380,    3098,     268],
[     269,    3384,    3098,     269],
[     270,    3383,    3098,     270],
[     271,    3381,    3098,     271],
[     272,    3394,    3098,     272],
[     273,    3387,    3098,     273],
[     274,    3377,    3098,     274],
[     275,    3380,    3098,     275],
[     276,    3388,    3098,     276],
[     277,    3384,    3098,     277],
[     278,    3380,    3098,     278],
[     279,    3377,    3098,     279],
[     280,    3384,    3098,     280],
[     281,    3386,    3098,     281],
[     282,    3394,    3098,     282],
[     283,    3390,    3098,     283],
[     284,    3378,    3098,     284],
[     285,    3379,    3098,     285],
[     286,    3393,    3098,     286],
[     287,    3385,    3098,     287],
[     288,    3380,    3098,     288],
[     289,    3377,    3098,     289],
[     290,    3386,    3098,     290],
[     291,    3388,    3098,     291],
[     292,    3385,    3098,     292],
[     293,    3388,    3098,     293],
[     294,    3369,    3098,     294],
[     295,    3388,    3098,     295],
[     296,    3379,    3098,     296],
[     297,    3383,    3098,     297],
[     298,    3383,    3098,     298],
[     299,    3370,    3098,     299],
[     300,    3381,    3098,     300],
[     301,    3385,    3098,     301],
[     302,    3390,    3098,     302],
[     303,    3386,    3098,     303],
[     304,    3390,    3098,     304],
[     305,    3381,    3098,     305],
[     306,    3389,    3098,     306],
[     307,    3395,    3098,     307],
[     308,    3390,    3098,     308],
[     309,    3389,    3098,     309],
[     310,    3397,    3098,     310],
[     311,    3393,    3098,     311],
[     312,    3390,    3098,     312],
[     313,    3404,    3098,     313],
[     314,    3425,    3098,     314],
[     315,    3411,    3098,     315],
[     316,    3415,    3098,     316],
[     317,    3394,    3098,     317],
[     318,    3397,    3098,     318],
[     319,    3398,    3098,     319],
[     320,    3420,    3098,     320],
[     321,    3403,    3098,     321],
[     322,    3408,    3098,     322],
[     323,    3399,    3098,     323],
[     324,    3446,    3098,     324],
[     325,    3499,    3098,     325],
[     326,    3466,    3098,     326],
[     327,    3438,    3098,     327],
[     328,    3381,    3098,     328],
[     329,    3442,    3098,     329],
[     330,    3428,    3098,     330],
[     331,    3437,    3098,     331],
[     332,    3437,    3098,     332],
[     333,    3435,    3098,     333],
[     334,    3440,    3098,     334],
[     335,    3442,    3098,     335],
[     336,    3434,    3098,     336],
[     337,    3426,    3098,     337],
[     338,    3451,    3098,     338],
[     339,    3434,    3098,     339],
[     340,    3435,    3098,     340],
[     341,    3444,    3098,     341],
[     342,    3434,    3098,     342],
[     343,    3443,    3098,     343],
[     344,    3445,    3098,     344],
[     345,    3441,    3098,     345],
[     346,    3444,    3098,     346],
[     347,    3450,    3098,     347],
[     348,    3452,    3098,     348],
[     349,    3454,    3098,     349],
[     350,    3442,    3098,     350],
[     351,    3461,    3098,     351],
[     352,    3454,    3098,     352],
[     353,    3450,    3098,     353],
[     354,    3457,    3098,     354],
[     355,    3460,    3098,     355],
[     356,    3456,    3098,     356],
[     357,    3446,    3098,     357],
[     358,    3444,    3098,     358],
[     359,    3466,    3098,     359],
[     360,    3469,    3098,     360],
[     361,    3464,    3098,     361],
[     362,    3441,    3098,     362],
[     363,    3463,    3098,     363],
[     364,    3455,    3098,     364],
[     365,    3462,    3098,     365],
[     366,    3463,    3098,     366],
[     367,    3465,    3098,     367],
[     368,    3466,    3098,     368],
[     369,    3479,    3098,     369],
[     370,    3462,    3098,     370],
[     371,    3472,    3098,     371],
[     372,    3473,    3098,     372],
[     373,    3474,    3098,     373],
[     374,    3476,    3098,     374],
[     375,    3472,    3098,     375],
[     376,    3480,    3098,     376],
[     377,    3489,    3098,     377],
[     378,    3481,    3098,     378],
[     379,    3459,    3098,     379],
[     380,    3520,    3098,     380],
[     381,    3478,    3098,     381],
[     382,    3513,    3098,     382],
[     383,    3491,    3098,     383],
[     384,    3493,    3098,     384],
[     385,    3494,    3098,     385],
[     386,    3479,    3098,     386],
[     387,    3486,    3098,     387],
[     388,    3488,    3098,     388],
[     389,    3499,    3098,     389],
[     390,    3499,    3098,     390],
[     391,    3504,    3098,     391],
[     392,    3490,    3098,     392],
[     393,    3499,    3098,     393],
[     394,    3505,    3098,     394],
[     395,    3498,    3098,     395],
[     396,    3504,    3098,     396],
[     397,    3493,    3098,     397],
[     398,    3516,    3098,     398],
[     399,    3501,    3098,     399],
[     400,    3524,    3098,     400],
[     401,    3496,    3098,     401],
[     402,    3506,    3098,     402],
[     403,    3512,    3098,     403],
[     404,    3506,    3098,     404],
[     405,    3519,    3098,     405],
[     406,    3520,    3098,     406],
[     407,    3517,    3098,     407],
[     408,    3522,    3098,     408],
[     409,    3517,    3098,     409],
[     410,    3510,    3098,     410],
[     411,    3526,    3098,     411],
[     412,    3522,    3098,     412],
[     413,    3555,    3098,     413],
[     414,    3526,    3098,     414],
[     415,    3519,    3098,     415],
[     416,    3511,    3098,     416],
[     417,    3534,    3098,     417],
[     418,    3521,    3098,     418],
[     419,    3523,    3098,     419],
[     420,    3531,    3098,     420],
[     421,    3537,    3098,     421],
[     422,    3535,    3098,     422],
[     423,    3540,    3098,     423],
[     424,    3536,    3098,     424],
[     425,    3519,    3098,     425],
[     426,    3535,    3098,     426],
[     427,    3546,    3098,     427],
[     428,    3538,    3098,     428],
[     429,    3537,    3098,     429],
[     430,    3551,    3098,     430],
[     431,    3550,    3098,     431],
[     432,    3514,    3098,     432],
[     433,    3598,    3098,     433],
[     434,    3541,    3098,     434],
[     435,    3432,    3098,     435],
[     436,    3628,    3098,     436],
[     437,    3521,    3098,     437],
[     438,    3559,    3098,     438],
[     439,    3556,    3098,     439],
[     440,    3542,    3098,     440],
[     441,    3552,    3098,     441],
[     442,    3573,    3098,     442],
[     443,    3552,    3098,     443],
[     444,    3562,    3098,     444],
[     445,    3560,    3098,     445],
[     446,    3561,    3098,     446],
[     447,    3563,    3098,     447],
[     448,    3559,    3098,     448],
[     449,    3560,    3098,     449],
[     450,    3557,    3098,     450],
[     451,    3558,    3098,     451],
[     452,    3572,    3098,     452],
[     453,    3564,    3098,     453],
[     454,    3582,    3098,     454],
[     455,    3567,    3098,     455],
[     456,    3583,    3098,     456],
[     457,    3573,    3098,     457],
[     458,    3578,    3098,     458],
[     459,    3580,    3098,     459],
[     460,    3577,    3098,     460],
[     461,    3576,    3098,     461],
[     462,    3575,    3098,     462],
[     463,    3588,    3098,     463],
[     464,    3582,    3098,     464],
[     465,    3587,    3098,     465],
[     466,    3588,    3098,     466],
[     467,    3579,    3098,     467],
[     468,    3578,    3098,     468],
[     469,    3580,    3098,     469],
[     470,    3594,    3098,     470],
[     471,    3606,    3098,     471],
[     472,    3602,    3098,     472],
[     473,    3582,    3098,     473],
[     474,    3590,    3098,     474],
[     475,    3596,    3098,     475],
[     476,    3596,    3098,     476],
[     477,    3616,    3098,     477],
[     478,    3593,    3098,     478],
[     479,    3598,    3098,     479],
[     480,    3617,    3098,     480],
[     481,    3600,    3098,     481],
[     482,    3613,    3098,     482],
[     483,    3597,    3098,     483],
[     484,    3599,    3098,     484],
[     485,    3618,    3098,     485],
[     486,    3598,    3098,     486],
[     487,    3623,    3098,     487],
[     488,    3596,    3098,     488],
[     489,    3681,    3098,     489],
[     490,    3629,    3098,     490],
[     491,    3596,    3098,     491],
[     492,    3605,    3098,     492],
[     493,    3619,    3098,     493],
[     494,    3614,    3098,     494],
[     495,    3627,    3098,     495],
[     496,    3616,    3098,     496],
[     497,    3624,    3098,     497],
[     498,    3620,    3098,     498],
[     499,    3628,    3098,     499],
[     500,    3618,    3098,     500],
[     501,    3624,    3098,     501],
[     502,    3623,    3098,     502],
[     503,    3621,    3098,     503],
[     504,    3639,    3098,     504],
[     505,    3630,    3098,     505],
[     506,    3633,    3098,     506],
[     507,    3610,    3098,     507],
[     508,    3639,    3098,     508],
[     509,    3636,    3098,     509],
[     510,    3640,    3098,     510],
[     511,    3634,    3098,     511],
[     512,    3640,    3098,     512],
[     513,    3642,    3098,     513],
[     514,    3646,    3098,     514],
[     515,    3639,    3098,     515],
[     516,    3644,    3098,     516],
[     517,    3641,    3098,     517],
[     518,    3645,    3098,     518],
[     519,    3646,    3098,     519],
[     520,    3647,    3098,     520],
[     521,    3650,    3098,     521],
[     522,    3654,    3098,     522],
[     523,    3649,    3098,     523],
[     524,    3646,    3098,     524],
[     525,    3658,    3098,     525],
[     526,    3670,    3098,     526],
[     527,    3656,    3098,     527],
[     528,    3656,    3098,     528],
[     529,    3667,    3098,     529],
[     530,    3666,    3098,     530],
[     531,    3668,    3098,     531],
[     532,    3659,    3098,     532],
[     533,    3661,    3098,     533],
[     534,    3679,    3098,     534],
[     535,    3666,    3098,     535],
[     536,    3658,    3098,     536],
[     537,    3667,    3098,     537],
[     538,    3650,    3098,     538],
[     539,    3680,    3098,     539],
[     540,    3646,    3098,     540],
[     541,    3688,    3098,     541],
[     542,    3613,    3098,     542],
[     543,    3698,    3098,     543],
[     544,    3681,    3098,     544],
[     545,    3689,    3098,     545],
[     546,    3670,    3098,     546],
[     547,    3656,    3098,     547],
[     548,    3685,    3098,     548],
[     549,    3680,    3098,     549],
[     550,    3686,    3098,     550],
[     551,    3684,    3098,     551],
[     552,    3673,    3098,     552],
[     553,    3697,    3098,     553],
[     554,    3686,    3098,     554],
[     555,    3677,    3098,     555],
[     556,    3684,    3098,     556],
[     557,    3684,    3098,     557],
[     558,    3679,    3098,     558],
[     559,    3675,    3098,     559],
[     560,    3693,    3098,     560],
[     561,    3682,    3098,     561],
[     562,    3683,    3098,     562],
[     563,    3697,    3098,     563],
[     564,    3693,    3098,     564],
[     565,    3689,    3098,     565],
[     566,    3681,    3098,     566],
[     567,    3694,    3098,     567],
[     568,    3694,    3098,     568],
[     569,    3695,    3098,     569],
[     570,    3690,    3098,     570],
[     571,    3709,    3098,     571],
[     572,    3703,    3098,     572],
[     573,    3690,    3098,     573],
[     574,    3706,    3098,     574],
[     575,    3696,    3098,     575],
[     576,    3700,    3098,     576],
[     577,    3706,    3098,     577],
[     578,    3697,    3098,     578],
[     579,    3712,    3098,     579],
[     580,    3706,    3098,     580],
[     581,    3713,    3098,     581],
[     582,    3703,    3098,     582],
[     583,    3706,    3098,     583],
[     584,    3707,    3098,     584],
[     585,    3712,    3098,     585],
[     586,    3711,    3098,     586],
[     587,    3705,    3098,     587],
[     588,    3711,    3098,     588],
[     589,    3712,    3098,     589],
[     590,    3710,    3098,     590],
[     591,    3708,    3098,     591],
[     592,    3713,    3098,     592],
[     593,    3714,    3098,     593],
[     594,    3703,    3098,     594],
[     595,    3712,    3098,     595],
[     596,    3730,    3098,     596],
[     597,    3720,    3098,     597],
[     598,    3705,    3098,     598],
[     599,    3717,    3098,     599],
[     600,    3697,    3098,     600],
[     601,    3736,    3098,     601],
[     602,    3725,    3098,     602],
[     603,    3727,    3098,     603],
[     604,    3723,    3098,     604],
[     605,    3718,    3098,     605],
[     606,    3726,    3098,     606],
[     607,    3727,    3098,     607],
[     608,    3728,    3098,     608],
[     609,    3730,    3098,     609],
[     610,    3721,    3098,     610],
[     611,    3727,    3098,     611],
[     612,    3717,    3098,     612],
[     613,    3716,    3098,     613],
[     614,    3727,    3098,     614],
[     615,    3710,    3098,     615],
[     616,    3717,    3098,     616],
[     617,    3720,    3098,     617],
[     618,    3737,    3098,     618],
[     619,    3731,    3098,     619],
[     620,    3727,    3098,     620],
[     621,    3739,    3098,     621],
[     622,    3719,    3098,     622],
[     623,    3726,    3098,     623],
[     624,    3728,    3098,     624],
[     625,    3729,    3098,     625],
[     626,    3727,    3098,     626],
[     627,    3721,    3098,     627],
[     628,    3725,    3098,     628],
[     629,    3732,    3098,     629],
[     630,    3733,    3098,     630],
[     631,    3718,    3098,     631],
[     632,    3727,    3098,     632],
[     633,    3725,    3098,     633],
[     634,    3729,    3098,     634],
[     635,    3731,    3098,     635],
[     636,    3727,    3098,     636],
[     637,    3728,    3098,     637],
[     638,    3727,    3098,     638],
[     639,    3725,    3098,     639],
[     640,    3730,    3098,     640],
[     641,    3721,    3098,     641],
[     642,    3732,    3098,     642],
[     643,    3729,    3098,     643],
[     644,    3725,    3098,     644],
[     645,    3733,    3098,     645],
[     646,    3725,    3098,     646],
[     647,    3719,    3098,     647],
[     648,    3733,    3098,     648],
[     649,    3741,    3098,     649],
[     650,    3734,    3098,     650],
[     651,    3715,    3098,     651],
[     652,    3750,    3098,     652],
[     653,    3731,    3098,     653],
[     654,    3751,    3098,     654],
[     655,    3738,    3098,     655],
[     656,    3736,    3098,     656],
[     657,    3720,    3098,     657],
[     658,    3739,    3098,     658],
[     659,    3735,    3098,     659],
[     660,    3736,    3098,     660],
[     661,    3721,    3098,     661],
[     662,    3740,    3098,     662],
[     663,    3734,    3098,     663],
[     664,    3728,    3098,     664],
[     665,    3733,    3098,     665],
[     666,    3736,    3098,     666],
[     667,    3735,    3098,     667],
[     668,    3724,    3098,     668],
[     669,    3739,    3098,     669],
[     670,    3728,    3098,     670],
[     671,    3730,    3098,     671],
[     672,    3735,    3098,     672],
[     673,    3730,    3098,     673],
[     674,    3728,    3098,     674],
[     675,    3734,    3098,     675],
[     676,    3739,    3098,     676],
[     677,    3736,    3098,     677],
[     678,    3738,    3098,     678],
[     679,    3736,    3098,     679],
[     680,    3737,    3098,     680],
[     681,    3738,    3098,     681],
[     682,    3736,    3098,     682],
[     683,    3731,    3098,     683],
[     684,    3726,    3098,     684],
[     685,    3729,    3098,     685],
[     686,    3735,    3098,     686],
[     687,    3731,    3098,     687],
[     688,    3730,    3098,     688],
[     689,    3738,    3098,     689],
[     690,    3732,    3098,     690],
[     691,    3730,    3098,     691],
[     692,    3734,    3098,     692],
[     693,    3735,    3098,     693],
[     694,    3734,    3098,     694],
[     695,    3737,    3098,     695],
[     696,    3738,    3098,     696],
[     697,    3729,    3098,     697],
[     698,    3739,    3098,     698],
[     699,    3741,    3098,     699],
[     700,    3729,    3098,     700],
[     701,    3735,    3098,     701],
[     702,    3732,    3098,     702],
[     703,    3729,    3098,     703],
[     704,    3726,    3098,     704],
[     705,    3743,    3098,     705],

]